4103
4995
221662
56892
139135
3852
2045
90865
1284
94031
1282
3776
90737
90161
6781
116159
2838
2220
10631
6279
139065
80177
7850
221395
26577
4071
6947
10562
25984
6286
57126
999
79953
10642
22899
64321
23742
2261
3934
64094
6401
3577
133584
54873
84701
6283
10331
4317
1909
199675
6376
7450
51705
1404
1281
64123
375567
1053
147381
4837
116441
3240
2528
249
7122
6496
4881
54345
54097
56729
552
4057
57381
762
8993
1003
932
83639
4070
84856
3579
7075
1776
660
169611
54511
6280
200879
10690
187
3791
79616
9235
8796
5617
144501
2691
4100
8807
90187
